            Conv2d-1           [-1, 64, 32, 32]           4,864
       BatchNorm2d-2           [-1, 64, 32, 32]             128
         LeakyReLU-3           [-1, 64, 32, 32]               0
         MaxPool2d-4           [-1, 64, 16, 16]               0
            Conv2d-5          [-1, 128, 16, 16]         204,928
       BatchNorm2d-6          [-1, 128, 16, 16]             256
         LeakyReLU-7          [-1, 128, 16, 16]               0
         MaxPool2d-8            [-1, 128, 8, 8]               0
            Conv2d-9            [-1, 128, 8, 8]         147,584
      BatchNorm2d-10            [-1, 128, 8, 8]             256
        LeakyReLU-11            [-1, 128, 8, 8]               0
           Conv2d-12            [-1, 256, 6, 6]         295,168
      BatchNorm2d-13            [-1, 256, 6, 6]             512
        LeakyReLU-14            [-1, 256, 6, 6]               0
           Conv2d-15            [-1, 256, 6, 6]         590,080
      BatchNorm2d-16            [-1, 256, 6, 6]             512
        LeakyReLU-17            [-1, 256, 6, 6]               0
           Conv2d-18            [-1, 512, 4, 4]       1,180,160
      BatchNorm2d-19            [-1, 512, 4, 4]           1,024
        LeakyReLU-20            [-1, 512, 4, 4]               0
           Conv2d-21            [-1, 512, 4, 4]       2,359,808
      BatchNorm2d-22            [-1, 512, 4, 4]           1,024
        LeakyReLU-23            [-1, 512, 4, 4]               0
           Conv2d-24            [-1, 512, 4, 4]       2,359,808
      BatchNorm2d-25            [-1, 512, 4, 4]           1,024
        LeakyReLU-26            [-1, 512, 4, 4]               0
           Linear-27                  [-1, 256]       2,097,408
        LeakyReLU-28                  [-1, 256]               0
      BatchNorm1d-29                  [-1, 256]             512
           Linear-30                  [-1, 256]          65,792
        LeakyReLU-31                  [-1, 256]               0
      BatchNorm1d-32                  [-1, 256]             512
           Linear-33                  [-1, 100]          25,700